----- FILE HEADER ----------------------------------
Event_Number	Ini_E[MeV]	Ini_X[cm]	Ini_Y[cm]	Ini_Z[cm]	Ini_Theta	Ini_Phi	Number_of_hits
Plane_h	X_h[cm]	Y_h[cm]	Z_h[cm]	Time_h[ns]	 Being 'h' each hit of the event
----- END OF HEADER ----------------------------------
1	10	1	1	-220	0	0	1
1	6.3	6.05	-187.3	1.16614
2	10	1	1	-220	0	0	1
1	6.3	6.05	-187.3	1.00586
3	10	1	1	-220	0	0	1
1	6.3	6.05	-187.3	1.05426
4	10	1	1	-220	0	0	1
1	6.3	6.05	-187.3	1.10828
5	10	1	1	-220	0	0	1
1	6.3	6.05	-187.3	1.1411
6	10	1	1	-220	0	0	1
1	6.3	6.05	-187.3	1.08729
7	10	1	1	-220	0	0	1
1	6.3	6.05	-187.3	1.16462
8	10	1	1	-220	0	0	1
1	6.3	6.05	-187.3	1.15169
9	10	1	1	-220	0	0	1
1	6.3	6.05	-187.3	1.13288
10	10	1	1	-220	0	0	1
1	6.3	6.05	-187.3	1.16544
11	10	1	1	-220	0	0	1
1	6.3	6.05	-187.3	1.15331
12	10	1	1	-220	0	0	1
1	6.3	6.05	-187.3	1.14193
13	10	1	1	-220	0	0	1
1	6.3	6.05	-187.3	1.06222
14	10	1	1	-220	0	0	1
1	6.3	6.05	-187.3	1.22009
15	10	1	1	-220	0	0	1
1	6.3	6.05	-187.3	1.13954
16	10	1	1	-220	0	0	1
1	6.3	6.05	-187.3	1.10955
17	10	1	1	-220	0	0	1
1	6.3	6.05	-187.3	1.11426
18	10	1	1	-220	0	0	1
1	6.3	6.05	-187.3	1.02574
19	10	1	1	-220	0	0	1
1	6.3	6.05	-187.3	1.14409
20	10	1	1	-220	0	0	1
1	6.3	6.05	-187.3	1.02847
21	10	1	1	-220	0	0	1
1	6.3	6.05	-187.3	1.08357
22	10	1	1	-220	0	0	1
1	6.3	6.05	-187.3	1.09321
23	10	1	1	-220	0	0	1
1	6.3	6.05	-187.3	1.03344
24	10	1	1	-220	0	0	1
1	6.3	6.05	-187.3	1.1503
25	10	1	1	-220	0	0	1
1	6.3	6.05	-187.3	1.21377
26	10	1	1	-220	0	0	1
1	6.3	6.05	-187.3	1.15683
27	10	1	1	-220	0	0	1
1	6.3	6.05	-187.3	1.13161
28	10	1	1	-220	0	0	1
1	6.3	6.05	-187.3	1.14373
29	10	1	1	-220	0	0	1
1	6.3	6.05	-187.3	1.22381
30	10	1	1	-220	0	0	1
1	6.3	6.05	-187.3	1.17797
31	10	1	1	-220	0	0	1
1	6.3	6.05	-187.3	1.1046
32	10	1	1	-220	0	0	1
1	6.3	6.05	-187.3	1.0946
33	10	1	1	-220	0	0	1
1	6.3	6.05	-187.3	1.16869
34	10	1	1	-220	0	0	1
1	6.3	6.05	-187.3	1.08213
35	10	1	1	-220	0	0	1
1	6.3	6.05	-187.3	1.13385
36	10	1	1	-220	0	0	1
1	6.3	6.05	-187.3	1.16386
37	10	1	1	-220	0	0	2
1	6.3	6.05	-187.3	1.0623
2	56.7	6.05	-134.8	7.15461
38	10	1	1	-220	0	0	1
1	6.3	6.05	-187.3	1.1276
39	10	1	1	-220	0	0	1
1	6.3	6.05	-187.3	1.09191
40	10	1	1	-220	0	0	1
1	6.3	6.05	-187.3	1.12971
41	10	1	1	-220	0	0	1
1	6.3	6.05	-187.3	1.04253
42	10	1	1	-220	0	0	1
1	6.3	6.05	-187.3	1.04615
43	10	1	1	-220	0	0	1
1	6.3	6.05	-187.3	1.14397
44	10	1	1	-220	0	0	1
1	6.3	6.05	-187.3	1.11971
45	10	1	1	-220	0	0	2
1	6.3	6.05	-187.3	1.15004
2	6.3	-30.25	-134.8	4.57958
46	10	1	1	-220	0	0	1
1	6.3	6.05	-187.3	1.08219
47	10	1	1	-220	0	0	1
1	6.3	6.05	-187.3	1.09704
48	10	1	1	-220	0	0	1
1	6.3	6.05	-187.3	1.24846
49	10	1	1	-220	0	0	1
1	6.3	6.05	-187.3	1.14076
50	10	1	1	-220	0	0	1
1	6.3	6.05	-187.3	1.14953
51	10	1	1	-220	0	0	1
1	6.3	6.05	-187.3	1.06837
52	10	1	1	-220	0	0	1
1	6.3	6.05	-187.3	1.07081
53	10	1	1	-220	0	0	1
1	6.3	6.05	-187.3	1.1451
54	10	1	1	-220	0	0	2
1	6.3	6.05	-187.3	1.1366
2	-18.9	-18.15	-134.8	4.17796
55	10	1	1	-220	0	0	1
1	6.3	6.05	-187.3	1.16826
56	10	1	1	-220	0	0	2
1	6.3	6.05	-187.3	1.09579
2	44.1	-30.25	-134.8	6.6845
57	10	1	1	-220	0	0	1
1	6.3	6.05	-187.3	1.15869
58	10	1	1	-220	0	0	1
1	6.3	6.05	-187.3	1.19365
59	10	1	1	-220	0	0	1
1	6.3	6.05	-187.3	1.17333
60	10	1	1	-220	0	0	1
1	6.3	6.05	-187.3	1.17024
61	10	1	1	-220	0	0	1
1	6.3	6.05	-187.3	1.20772
62	10	1	1	-220	0	0	2
1	6.3	6.05	-187.3	1.19028
2	-6.3	-30.25	-134.8	4.40428
63	10	1	1	-220	0	0	1
1	6.3	6.05	-187.3	1.1902
64	10	1	1	-220	0	0	1
1	6.3	6.05	-187.3	1.21326
65	10	1	1	-220	0	0	1
1	6.3	6.05	-187.3	1.17806
66	10	1	1	-220	0	0	1
1	6.3	6.05	-187.3	1.2071
67	10	1	1	-220	0	0	1
1	6.3	6.05	-187.3	1.16151
68	10	1	1	-220	0	0	1
1	6.3	6.05	-187.3	1.13056
69	10	1	1	-220	0	0	1
1	6.3	6.05	-187.3	1.09085
70	10	1	1	-220	0	0	1
1	6.3	6.05	-187.3	1.17212
71	10	1	1	-220	0	0	1
1	6.3	6.05	-187.3	1.10294
72	10	1	1	-220	0	0	1
1	6.3	6.05	-187.3	1.10238
73	10	1	1	-220	0	0	1
1	6.3	6.05	-187.3	1.19464
74	10	1	1	-220	0	0	1
1	6.3	6.05	-187.3	1.09133
75	10	1	1	-220	0	0	1
1	6.3	6.05	-187.3	1.12473
76	10	1	1	-220	0	0	2
1	6.3	6.05	-187.3	1.12362
2	-18.9	-6.05	-134.8	4.10042
77	10	1	1	-220	0	0	1
1	6.3	6.05	-187.3	1.08369
78	10	1	1	-220	0	0	1
1	6.3	6.05	-187.3	1.14344
79	10	1	1	-220	0	0	1
1	6.3	6.05	-187.3	1.19583
80	10	1	1	-220	0	0	1
1	6.3	6.05	-187.3	1.12975
81	10	1	1	-220	0	0	1
1	6.3	6.05	-187.3	1.1339
82	10	1	1	-220	0	0	1
1	6.3	6.05	-187.3	1.16581
83	10	1	1	-220	0	0	1
1	6.3	6.05	-187.3	1.10763
84	10	1	1	-220	0	0	1
1	6.3	6.05	-187.3	1.13284
85	10	1	1	-220	0	0	1
1	6.3	6.05	-187.3	1.13571
86	10	1	1	-220	0	0	1
1	6.3	6.05	-187.3	1.09146
87	10	1	1	-220	0	0	1
1	-6.3	6.05	-187.3	1.10097
88	10	1	1	-220	0	0	1
1	6.3	6.05	-187.3	1.07891
89	10	1	1	-220	0	0	1
1	6.3	6.05	-187.3	1.16033
90	10	1	1	-220	0	0	1
1	6.3	6.05	-187.3	1.1507
91	10	1	1	-220	0	0	1
1	6.3	6.05	-187.3	1.12658
