----- FILE HEADER ----------------------------------
Event_Number	Ini_E[MeV]	Ini_X[cm]	Ini_Y[cm]	Ini_Z[cm]	Ini_Theta	Ini_Phi	Number_of_hits
Plane_h	X_h[cm]	Y_h[cm]	Z_h[cm]	Time_h[ns]	 Being 'h' each hit of the event
----- END OF HEADER ----------------------------------
1	56	1	1	-220	0	0	4
1	6.3	6.05	-187.3	1.1563
2	6.3	6.05	-134.8	3.04832
3	6.3	6.05	-96.9	4.43849
4	6.3	-6.05	-13.2	7.48818
2	56	1	1	-220	0	0	3
1	6.3	6.05	-187.3	1.15764
2	6.3	-6.05	-134.8	2.86132
3	6.3	-6.05	-96.9	4.35004
3	56	1	1	-220	0	0	3
1	6.3	6.05	-187.3	1.14469
2	6.3	6.05	-134.8	3.04733
3	-6.3	6.05	-96.9	4.42275
4	56	1	1	-220	0	0	4
1	6.3	6.05	-187.3	1.08762
2	6.3	6.05	-134.8	2.9281
3	6.3	6.05	-96.9	4.13006
4	18.9	6.05	-13.2	7.84537
5	56	1	1	-220	0	0	4
1	6.3	6.05	-187.3	1.13447
2	6.3	-6.05	-134.8	3.08738
3	-6.3	-6.05	-96.9	4.65266
4	-18.9	-30.25	-13.2	8.56812
6	56	1	1	-220	0	0	3
1	6.3	6.05	-187.3	1.16422
2	6.3	-6.05	-134.8	3.65169
3	18.9	-18.15	-96.9	5.48959
7	56	1	1	-220	0	0	3
1	6.3	6.05	-187.3	1.05719
2	-6.3	6.05	-134.8	3.2947
4	-6.3	42.35	-13.2	9.74491
8	56	1	1	-220	0	0	3
1	6.3	6.05	-187.3	1.17681
2	6.3	-6.05	-134.8	3.28727
3	6.3	-18.15	-96.9	5.15002
9	56	1	1	-220	0	0	3
1	6.3	6.05	-187.3	1.14699
3	-6.3	-6.05	-96.9	4.13099
4	6.3	-18.15	-13.2	7.79984
10	56	1	1	-220	0	0	2
1	6.3	6.05	-187.3	1.09583
4	-31.5	18.15	-13.2	8.6464
11	56	1	1	-220	0	0	4
1	6.3	6.05	-187.3	1.1377
2	6.3	6.05	-134.8	3.12405
3	6.3	6.05	-96.9	4.86098
4	6.3	42.35	-13.2	9.47759
12	56	1	1	-220	0	0	4
1	6.3	6.05	-187.3	1.12971
2	6.3	6.05	-134.8	3.08354
3	18.9	-6.05	-96.9	4.90962
4	31.5	-6.05	-13.2	9.02976
13	56	1	1	-220	0	0	4
1	6.3	6.05	-187.3	1.10522
2	6.3	-6.05	-134.8	3.0618
3	6.3	-6.05	-96.9	4.59809
4	6.3	-18.15	-13.2	7.81063
14	56	1	1	-220	0	0	4
1	6.3	6.05	-187.3	1.07953
2	6.3	-6.05	-134.8	2.95253
3	6.3	-6.05	-96.9	4.22437
4	6.3	-6.05	-13.2	7.41087
15	56	1	1	-220	0	0	4
1	6.3	6.05	-187.3	1.12896
2	-6.3	-6.05	-134.8	3.01417
3	-6.3	-6.05	-96.9	4.5652
4	-6.3	-18.15	-13.2	7.80325
16	56	1	1	-220	0	0	4
1	6.3	6.05	-187.3	1.19424
2	6.3	6.05	-134.8	3.49697
3	6.3	6.05	-96.9	4.71301
4	31.5	-6.05	-13.2	8.55907
17	56	1	1	-220	0	0	3
1	6.3	6.05	-187.3	1.15944
3	-6.3	-6.05	-96.9	4.48861
4	-18.9	-6.05	-13.2	7.97447
18	56	1	1	-220	0	0	2
1	6.3	6.05	-187.3	1.1281
3	-6.3	-18.15	-96.9	5.86059
19	56	1	1	-220	0	0	4
1	6.3	6.05	-187.3	1.15343
2	6.3	-6.05	-134.8	3.33176
3	18.9	6.05	-96.9	5.16373
4	31.5	6.05	-13.2	9.01976
20	56	1	1	-220	0	0	4
1	6.3	6.05	-187.3	1.12653
2	-6.3	-6.05	-134.8	2.96431
3	-6.3	-6.05	-96.9	4.8183
4	-6.3	-18.15	-13.2	8.24828
21	56	1	1	-220	0	0	5
1	6.3	6.05	-187.3	1.05724
2	6.3	-6.05	-134.8	3.28707
3	18.9	-6.05	-96.9	5.41356
4	56.7	-6.05	-13.2	10.2381
4	44.1	-18.15	-13.2	9.96
22	56	1	1	-220	0	0	3
1	6.3	6.05	-187.3	1.15672
2	6.3	-6.05	-134.8	3.30946
3	31.5	-6.05	-96.9	5.78856
23	56	1	1	-220	0	0	2
1	6.3	6.05	-187.3	1.15052
4	6.3	-6.05	-13.2	6.94785
24	56	1	1	-220	0	0	4
1	6.3	6.05	-187.3	1.0852
2	6.3	6.05	-134.8	3.37655
3	6.3	18.15	-96.9	4.90801
4	18.9	6.05	-13.2	7.98536
25	56	1	1	-220	0	0	4
1	6.3	6.05	-187.3	1.09085
2	-6.3	6.05	-134.8	3.3093
3	-6.3	18.15	-96.9	5.14577
4	-6.3	54.45	-13.2	9.77307
26	56	1	1	-220	0	0	3
1	6.3	6.05	-187.3	1.06406
2	6.3	-6.05	-134.8	3.4167
3	18.9	-6.05	-96.9	5.17963
27	56	1	1	-220	0	0	1
1	6.3	6.05	-187.3	1.17639
28	56	1	1	-220	0	0	4
1	6.3	6.05	-187.3	1.14163
2	-6.3	6.05	-134.8	3.18002
3	-6.3	6.05	-96.9	4.64762
4	-6.3	6.05	-13.2	7.51038
29	56	1	1	-220	0	0	4
1	6.3	6.05	-187.3	1.10855
2	6.3	-6.05	-134.8	2.88715
3	6.3	6.05	-96.9	4.41224
4	6.3	18.15	-13.2	7.94988
30	56	1	1	-220	0	0	3
1	6.3	6.05	-187.3	1.03563
2	-6.3	-6.05	-134.8	3.1244
3	-6.3	-6.05	-96.9	4.65397
31	56	1	1	-220	0	0	4
1	6.3	6.05	-187.3	1.18256
2	-6.3	-6.05	-134.8	2.9389
3	-6.3	6.05	-96.9	4.38287
4	-6.3	-6.05	-13.2	7.24831
32	56	1	1	-220	0	0	3
1	6.3	6.05	-187.3	1.18434
2	6.3	6.05	-134.8	3.31303
3	6.3	6.05	-96.9	4.81162
33	56	1	1	-220	0	0	3
1	6.3	6.05	-187.3	1.16178
3	6.3	-6.05	-96.9	4.43482
4	18.9	-18.15	-13.2	8.25342
34	56	1	1	-220	0	0	3
1	6.3	6.05	-187.3	1.12321
2	6.3	18.15	-134.8	4.07879
3	6.3	42.35	-96.9	6.46618
35	56	1	1	-220	0	0	3
1	6.3	6.05	-187.3	1.15221
2	-6.3	-6.05	-134.8	3.06766
4	18.9	-6.05	-13.2	8.37644
36	56	1	1	-220	0	0	4
1	6.3	6.05	-187.3	1.12183
2	6.3	6.05	-134.8	3.10885
3	6.3	6.05	-96.9	4.41153
4	-6.3	30.25	-13.2	8.46732
37	56	1	1	-220	0	0	4
1	6.3	6.05	-187.3	1.14512
2	6.3	-6.05	-134.8	3.1774
3	-6.3	-6.05	-96.9	4.61726
4	-31.5	-30.25	-13.2	9.37226
38	56	1	1	-220	0	0	3
1	6.3	6.05	-187.3	1.1259
2	18.9	-6.05	-134.8	3.66233
3	31.5	-6.05	-96.9	5.91922
39	56	1	1	-220	0	0	4
1	6.3	6.05	-187.3	1.13232
2	18.9	6.05	-134.8	3.60139
3	18.9	6.05	-96.9	5.23442
4	31.5	18.15	-13.2	8.61138
40	56	1	1	-220	0	0	5
1	6.3	6.05	-187.3	1.05181
2	-6.3	6.05	-134.8	3.03428
3	6.3	6.05	-96.9	4.1481
4	18.9	-30.25	-13.2	8.81613
4	-6.3	18.15	-13.2	8.12847
41	56	1	1	-220	0	0	4
1	6.3	6.05	-187.3	1.18693
2	6.3	6.05	-134.8	3.23359
3	18.9	6.05	-96.9	5.64213
4	44.1	-6.05	-13.2	9.44023
42	56	1	1	-220	0	0	3
1	6.3	6.05	-187.3	1.15058
2	-6.3	6.05	-134.8	3.65341
3	-6.3	18.15	-96.9	5.52063
43	56	1	1	-220	0	0	3
1	6.3	6.05	-187.3	1.1723
3	-6.3	6.05	-96.9	4.57071
4	-18.9	-6.05	-13.2	8.07256
44	56	1	1	-220	0	0	4
1	6.3	6.05	-187.3	1.08576
2	6.3	18.15	-134.8	3.66665
3	-6.3	18.15	-96.9	5.24733
4	-18.9	18.15	-13.2	8.4174
45	56	1	1	-220	0	0	3
1	6.3	6.05	-187.3	1.17856
2	-6.3	6.05	-134.8	3.08854
4	-6.3	-18.15	-13.2	8.01661
46	56	1	1	-220	0	0	3
1	6.3	6.05	-187.3	1.11585
2	6.3	-6.05	-134.8	2.94256
3	-6.3	-6.05	-96.9	4.47247
47	56	1	1	-220	0	0	4
1	6.3	6.05	-187.3	1.18024
2	6.3	-6.05	-134.8	2.98891
3	-6.3	-6.05	-96.9	4.47609
4	-18.9	-6.05	-13.2	8.05294
48	56	1	1	-220	0	0	3
1	6.3	6.05	-187.3	1.0954
3	6.3	6.05	-96.9	4.61096
4	-6.3	30.25	-13.2	8.64163
49	56	1	1	-220	0	0	4
1	6.3	6.05	-187.3	1.15761
2	-6.3	6.05	-134.8	3.00675
3	-6.3	6.05	-96.9	4.4885
4	6.3	18.15	-13.2	7.78275
50	56	1	1	-220	0	0	2
1	6.3	6.05	-187.3	1.19101
4	-6.3	-30.25	-13.2	8.52186
51	56	1	1	-220	0	0	4
1	6.3	6.05	-187.3	1.17324
2	6.3	6.05	-134.8	3.21261
3	6.3	6.05	-96.9	4.88498
4	-6.3	30.25	-13.2	8.69483
52	56	1	1	-220	0	0	3
1	6.3	6.05	-187.3	1.12864
2	-6.3	-6.05	-134.8	3.08827
3	-6.3	6.05	-96.9	4.56288
53	56	1	1	-220	0	0	4
1	6.3	6.05	-187.3	1.08764
2	6.3	6.05	-134.8	3.29141
3	6.3	18.15	-96.9	5.00657
4	-6.3	30.25	-13.2	8.74658
54	56	1	1	-220	0	0	3
1	6.3	6.05	-187.3	1.0353
2	6.3	-6.05	-134.8	3.06584
3	6.3	-6.05	-96.9	4.6332
55	56	1	1	-220	0	0	3
1	6.3	6.05	-187.3	1.02282
2	6.3	-18.15	-134.8	3.69083
3	6.3	-42.35	-96.9	6.38569
56	56	1	1	-220	0	0	4
1	6.3	6.05	-187.3	1.12562
2	6.3	-6.05	-134.8	2.93262
3	6.3	6.05	-96.9	4.4553
4	18.9	18.15	-13.2	8.68421
57	56	1	1	-220	0	0	4
1	6.3	6.05	-187.3	1.21562
2	-6.3	6.05	-134.8	3.28531
3	-6.3	18.15	-96.9	4.83357
4	-18.9	18.15	-13.2	8.18937
58	56	1	1	-220	0	0	4
1	6.3	6.05	-187.3	1.09783
2	6.3	6.05	-134.8	3.23201
3	6.3	6.05	-96.9	4.54458
4	18.9	6.05	-13.2	7.85559
59	56	1	1	-220	0	0	4
1	6.3	6.05	-187.3	1.06781
2	6.3	-6.05	-134.8	3.44427
3	18.9	-6.05	-96.9	5.10257
4	69.3	18.15	-13.2	11.173
60	56	1	1	-220	0	0	3
1	6.3	6.05	-187.3	1.1536
2	6.3	-6.05	-134.8	3.10108
4	-6.3	42.35	-13.2	9.29668
61	56	1	1	-220	0	0	4
1	6.3	6.05	-187.3	1.07571
2	6.3	6.05	-134.8	3.06172
3	6.3	6.05	-96.9	4.61666
4	6.3	18.15	-13.2	8.09476
62	56	1	1	-220	0	0	4
1	6.3	6.05	-187.3	1.12698
2	6.3	6.05	-134.8	3.11924
3	6.3	6.05	-96.9	4.59412
4	44.1	18.15	-13.2	9.57147
63	56	1	1	-220	0	0	3
1	6.3	6.05	-187.3	1.12658
2	-6.3	6.05	-134.8	3.08759
3	-6.3	6.05	-96.9	4.38119
64	56	1	1	-220	0	0	3
1	6.3	6.05	-187.3	1.08671
2	-6.3	6.05	-134.8	3.52355
4	-6.3	54.45	-13.2	9.98229
65	56	1	1	-220	0	0	4
1	6.3	6.05	-187.3	1.04261
2	6.3	6.05	-134.8	2.96165
3	-6.3	-6.05	-96.9	4.26444
4	-6.3	-30.25	-13.2	8.53954
66	56	1	1	-220	0	0	2
1	6.3	6.05	-187.3	1.09973
4	-6.3	-30.25	-13.2	8.71569
67	56	1	1	-220	0	0	3
1	6.3	6.05	-187.3	1.15264
2	6.3	6.05	-134.8	3.20349
3	18.9	6.05	-96.9	5.04051
68	56	1	1	-220	0	0	4
1	6.3	6.05	-187.3	1.0818
2	6.3	6.05	-134.8	2.97178
3	6.3	6.05	-96.9	4.25239
3	6.3	-6.05	-96.9	4.70833
69	56	1	1	-220	0	0	4
1	6.3	6.05	-187.3	1.11814
2	6.3	6.05	-134.8	3.19329
3	6.3	6.05	-96.9	4.9037
4	31.5	30.25	-13.2	9.45386
70	56	1	1	-220	0	0	4
1	6.3	6.05	-187.3	1.06814
2	6.3	-6.05	-134.8	2.98513
3	6.3	-6.05	-96.9	4.60308
4	6.3	30.25	-13.2	8.54828
71	56	1	1	-220	0	0	4
1	6.3	6.05	-187.3	1.10093
2	-6.3	6.05	-134.8	3.01797
3	-6.3	6.05	-96.9	4.25582
4	-18.9	-6.05	-13.2	8.03153
72	56	1	1	-220	0	0	4
1	6.3	6.05	-187.3	1.11902
2	6.3	6.05	-134.8	3.50957
3	6.3	18.15	-96.9	5.42762
4	18.9	54.45	-13.2	10.7064
73	56	1	1	-220	0	0	1
1	6.3	6.05	-187.3	1.12602
74	56	1	1	-220	0	0	4
1	6.3	6.05	-187.3	1.10275
2	6.3	-6.05	-134.8	2.93244
3	6.3	-6.05	-96.9	4.37788
4	31.5	-42.35	-13.2	10.3523
75	56	1	1	-220	0	0	2
1	6.3	6.05	-187.3	1.14584
3	6.3	6.05	-96.9	4.21079
76	56	1	1	-220	0	0	3
1	6.3	6.05	-187.3	1.09098
2	-6.3	-6.05	-134.8	2.91973
3	-6.3	-6.05	-96.9	4.45111
77	56	1	1	-220	0	0	3
1	6.3	6.05	-187.3	1.15012
3	-6.3	-6.05	-96.9	4.23849
4	6.3	-18.15	-13.2	8.07996
78	56	1	1	-220	0	0	4
1	6.3	6.05	-187.3	1.11274
2	-6.3	-6.05	-134.8	3.26009
3	-6.3	-6.05	-96.9	4.65951
4	18.9	-6.05	-13.2	8.4176
79	56	1	1	-220	0	0	2
1	6.3	6.05	-187.3	1.11069
2	18.9	6.05	-134.8	4.12263
80	56	1	1	-220	0	0	4
1	6.3	6.05	-187.3	1.08301
2	6.3	-6.05	-134.8	3.02562
3	18.9	-18.15	-96.9	5.85527
4	44.1	-42.35	-13.2	10.5423
81	56	1	1	-220	0	0	4
1	6.3	6.05	-187.3	1.16408
2	6.3	6.05	-134.8	2.96868
3	-6.3	-6.05	-96.9	4.18
4	6.3	-18.15	-13.2	7.90328
82	56	1	1	-220	0	0	4
1	6.3	6.05	-187.3	1.11886
2	6.3	6.05	-134.8	3.23966
3	6.3	6.05	-96.9	4.493
4	6.3	6.05	-13.2	7.35063
83	56	1	1	-220	0	0	3
1	6.3	6.05	-187.3	1.07681
2	6.3	-6.05	-134.8	3.02676
4	6.3	-30.25	-13.2	8.67969
84	56	1	1	-220	0	0	2
1	6.3	6.05	-187.3	1.08792
2	-6.3	-6.05	-134.8	2.89342
85	56	1	1	-220	0	0	3
1	6.3	6.05	-187.3	1.10886
3	-6.3	-6.05	-96.9	4.44733
4	-56.7	-6.05	-13.2	10.5462
86	56	1	1	-220	0	0	4
1	6.3	6.05	-187.3	1.10214
2	-6.3	6.05	-134.8	3.17847
3	-6.3	6.05	-96.9	4.80101
4	-6.3	-6.05	-13.2	7.69792
87	56	1	1	-220	0	0	4
1	6.3	6.05	-187.3	1.17501
2	-6.3	-6.05	-134.8	3.08474
3	-6.3	-6.05	-96.9	4.73227
4	-31.5	-42.35	-13.2	9.8459
88	56	1	1	-220	0	0	4
1	6.3	6.05	-187.3	1.13788
2	6.3	-6.05	-134.8	2.99826
3	6.3	-6.05	-96.9	4.66702
4	6.3	-18.15	-13.2	8.24439
89	56	1	1	-220	0	0	4
1	6.3	6.05	-187.3	1.17038
2	-6.3	6.05	-134.8	3.16473
3	-6.3	6.05	-96.9	4.7273
4	-6.3	18.15	-13.2	7.79487
90	56	1	1	-220	0	0	3
1	6.3	6.05	-187.3	1.17289
2	-6.3	6.05	-134.8	3.32718
3	-18.9	6.05	-96.9	4.97772
91	56	1	1	-220	0	0	4
1	6.3	6.05	-187.3	1.04546
2	6.3	-6.05	-134.8	3.00612
3	6.3	-6.05	-96.9	4.66937
4	31.5	-18.15	-13.2	8.76862
92	56	1	1	-220	0	0	3
1	6.3	6.05	-187.3	1.11523
2	-6.3	6.05	-134.8	3.12681
3	-6.3	6.05	-96.9	4.51028
93	56	1	1	-220	0	0	4
1	6.3	6.05	-187.3	1.10106
2	-6.3	6.05	-134.8	3.24972
3	-6.3	6.05	-96.9	4.48843
4	18.9	6.05	-13.2	7.8975
94	56	1	1	-220	0	0	3
1	6.3	6.05	-187.3	1.10155
2	-6.3	-6.05	-134.8	2.95681
4	-18.9	-6.05	-13.2	8.23027
95	56	1	1	-220	0	0	4
1	6.3	6.05	-187.3	1.07079
2	6.3	6.05	-134.8	3.19063
3	6.3	6.05	-96.9	4.3153
4	-31.5	18.15	-13.2	9.04115
96	56	1	1	-220	0	0	4
1	6.3	6.05	-187.3	1.10326
2	-6.3	-6.05	-134.8	3.17372
3	-18.9	-6.05	-96.9	5.11855
4	-31.5	-42.35	-13.2	10.1686
97	56	1	1	-220	0	0	4
1	6.3	6.05	-187.3	1.14486
2	6.3	6.05	-134.8	3.2887
3	18.9	6.05	-96.9	4.94513
4	18.9	-6.05	-13.2	8.16863
98	56	1	1	-220	0	0	2
1	6.3	6.05	-187.3	1.07492
3	-6.3	-18.15	-96.9	5.45136
99	56	1	1	-220	0	0	4
1	6.3	6.05	-187.3	1.13602
2	6.3	-6.05	-134.8	3.34737
3	18.9	-6.05	-96.9	5.18302
4	44.1	-6.05	-13.2	9.51971
100	56	1	1	-220	0	0	4
1	6.3	6.05	-187.3	1.17503
2	6.3	6.05	-134.8	3.41553
3	6.3	18.15	-96.9	4.99312
4	44.1	-6.05	-13.2	9.98072
