----- FILE HEADER ----------------------------------
Event_Number	Ini_E[MeV]	Ini_X[cm]	Ini_Y[cm]	Ini_Z[cm]	Ini_Theta	Ini_Phi	Number_of_hits
Plane_h	X_h[cm]	Y_h[cm]	Z_h[cm]	Time_h[ns]	 Being 'h' each hit of the event
----- END OF HEADER ----------------------------------
1	133	1	1	-220	0	0	4
1	6.3	6.05	-187.3	1.17108
2	6.3	-6.05	-134.8	2.91438
3	6.3	-6.05	-96.9	4.31865
4	-6.3	-18.15	-13.2	7.78629
2	133	1	1	-220	0	0	4
1	6.3	6.05	-187.3	1.15393
2	6.3	6.05	-134.8	3.07452
3	6.3	6.05	-96.9	4.66888
4	18.9	18.15	-13.2	8.46909
3	133	1	1	-220	0	0	4
1	6.3	6.05	-187.3	1.15211
2	6.3	6.05	-134.8	3.08279
3	6.3	6.05	-96.9	4.3218
4	6.3	6.05	-13.2	7.15662
4	133	1	1	-220	0	0	3
1	6.3	6.05	-187.3	1.14445
3	6.3	6.05	-96.9	4.50663
3	6.3	-6.05	-96.9	4.56509
5	133	1	1	-220	0	0	3
1	6.3	6.05	-187.3	1.08793
3	-6.3	-6.05	-96.9	4.42586
4	-18.9	-18.15	-13.2	8.27845
6	133	1	1	-220	0	0	4
1	6.3	6.05	-187.3	1.13429
2	6.3	6.05	-134.8	2.98435
3	6.3	6.05	-96.9	4.37279
4	6.3	18.15	-13.2	8.18474
7	133	1	1	-220	0	0	3
1	6.3	6.05	-187.3	1.11318
3	-6.3	6.05	-96.9	4.1825
4	-6.3	18.15	-13.2	7.79938
8	133	1	1	-220	0	0	3
1	6.3	6.05	-187.3	1.12316
3	-6.3	6.05	-96.9	4.21199
4	-6.3	6.05	-13.2	7.52349
9	133	1	1	-220	0	0	5
1	6.3	6.05	-187.3	1.10053
2	-6.3	-6.05	-134.8	3.03412
3	-6.3	-6.05	-96.9	4.52568
4	6.3	-18.15	-13.2	7.81133
4	6.3	-6.05	-13.2	7.65619
10	133	1	1	-220	0	0	4
1	6.3	6.05	-187.3	1.14355
2	6.3	-6.05	-134.8	2.91553
3	-6.3	-6.05	-96.9	4.33201
4	-6.3	-6.05	-13.2	7.47287
11	133	1	1	-220	0	0	5
1	6.3	6.05	-187.3	1.12282
2	-6.3	-6.05	-134.8	2.80078
3	-6.3	-6.05	-96.9	4.49208
4	-18.9	-6.05	-13.2	7.64157
4	-6.3	-6.05	-13.2	7.33518
12	133	1	1	-220	0	0	4
1	6.3	6.05	-187.3	1.19544
2	6.3	-6.05	-134.8	3.05717
3	6.3	-6.05	-96.9	4.53703
4	18.9	-18.15	-13.2	7.96691
13	133	1	1	-220	0	0	3
1	6.3	6.05	-187.3	1.13648
3	-6.3	-6.05	-96.9	4.40142
4	18.9	30.25	-13.2	8.95521
14	133	1	1	-220	0	0	4
1	6.3	6.05	-187.3	1.13691
2	-6.3	6.05	-134.8	2.82629
3	-6.3	6.05	-96.9	4.28413
4	-6.3	6.05	-13.2	7.36163
15	133	1	1	-220	0	0	3
1	6.3	6.05	-187.3	1.07909
2	-6.3	6.05	-134.8	2.97426
3	-6.3	6.05	-96.9	4.38708
16	133	1	1	-220	0	0	1
1	6.3	6.05	-187.3	1.17185
17	133	1	1	-220	0	0	4
1	6.3	6.05	-187.3	1.09708
2	6.3	6.05	-134.8	3.12523
3	6.3	-6.05	-96.9	4.38547
4	-6.3	-6.05	-13.2	7.4494
18	133	1	1	-220	0	0	2
1	6.3	6.05	-187.3	1.11687
4	-18.9	6.05	-13.2	7.71869
19	133	1	1	-220	0	0	3
1	6.3	6.05	-187.3	1.13925
2	6.3	6.05	-134.8	3.01168
3	6.3	6.05	-96.9	4.44331
20	133	1	1	-220	0	0	4
1	6.3	6.05	-187.3	1.12777
2	6.3	-6.05	-134.8	2.88414
3	6.3	6.05	-96.9	4.30252
4	6.3	6.05	-13.2	7.43417
21	133	1	1	-220	0	0	3
1	6.3	6.05	-187.3	1.06844
2	6.3	6.05	-134.8	2.92502
4	6.3	-6.05	-13.2	7.01777
22	133	1	1	-220	0	0	4
1	6.3	6.05	-187.3	1.11535
2	6.3	6.05	-134.8	3.00185
3	6.3	6.05	-96.9	4.34425
4	6.3	6.05	-13.2	6.97895
23	133	1	1	-220	0	0	3
1	6.3	6.05	-187.3	1.12079
2	6.3	6.05	-134.8	2.92973
4	-6.3	6.05	-13.2	7.56704
24	133	1	1	-220	0	0	3
1	6.3	6.05	-187.3	1.07338
2	-6.3	-6.05	-134.8	3.03644
3	-18.9	6.05	-96.9	4.90319
25	133	1	1	-220	0	0	3
1	6.3	6.05	-187.3	1.09885
3	-6.3	6.05	-96.9	4.21555
4	-6.3	6.05	-13.2	7.24474
26	133	1	1	-220	0	0	3
1	6.3	6.05	-187.3	1.08459
2	6.3	6.05	-134.8	3.0093
3	6.3	6.05	-96.9	4.29374
27	133	1	1	-220	0	0	4
1	6.3	6.05	-187.3	1.07891
2	-6.3	-6.05	-134.8	3.04817
3	-6.3	-6.05	-96.9	4.50182
4	-18.9	-6.05	-13.2	7.68877
28	133	1	1	-220	0	0	6
1	6.3	6.05	-187.3	1.15256
3	6.3	6.05	-96.9	4.26193
4	18.9	-18.15	-13.2	8.30933
3	6.3	-6.05	-96.9	4.1409
4	6.3	6.05	-13.2	7.12024
4	-6.3	-6.05	-13.2	7.0807
29	133	1	1	-220	0	0	4
1	6.3	6.05	-187.3	1.06115
2	-6.3	-6.05	-134.8	3.07266
3	-6.3	-6.05	-96.9	4.57358
4	-18.9	-18.15	-13.2	8.13307
30	133	1	1	-220	0	0	4
1	6.3	6.05	-187.3	1.0818
2	6.3	6.05	-134.8	2.92997
3	6.3	6.05	-96.9	4.20207
4	-6.3	6.05	-13.2	7.54364
31	133	1	1	-220	0	0	4
1	6.3	6.05	-187.3	1.14644
2	-6.3	6.05	-134.8	2.91744
3	-6.3	6.05	-96.9	4.25025
4	-6.3	6.05	-13.2	7.45859
32	133	1	1	-220	0	0	4
1	6.3	6.05	-187.3	1.09604
2	-6.3	6.05	-134.8	2.92888
3	-6.3	6.05	-96.9	4.49359
4	-6.3	6.05	-13.2	7.52736
33	133	1	1	-220	0	0	4
1	6.3	6.05	-187.3	1.0616
2	6.3	6.05	-134.8	3.14948
3	6.3	6.05	-96.9	4.40741
4	6.3	6.05	-13.2	7.49778
34	133	1	1	-220	0	0	5
1	6.3	6.05	-187.3	1.14632
2	-6.3	6.05	-134.8	2.96771
3	-6.3	6.05	-96.9	4.3054
4	-31.5	6.05	-13.2	8.51188
4	-18.9	6.05	-13.2	7.98846
35	133	1	1	-220	0	0	4
1	6.3	6.05	-187.3	1.22598
2	6.3	6.05	-134.8	2.98321
3	6.3	6.05	-96.9	4.24976
4	-6.3	18.15	-13.2	7.92408
36	133	1	1	-220	0	0	3
1	6.3	6.05	-187.3	1.08961
3	6.3	-6.05	-96.9	4.24529
4	6.3	-6.05	-13.2	7.34736
37	133	1	1	-220	0	0	4
1	6.3	6.05	-187.3	1.16994
2	6.3	6.05	-134.8	2.91951
3	-6.3	6.05	-96.9	4.37841
4	-18.9	18.15	-13.2	8.00708
38	133	1	1	-220	0	0	4
1	6.3	6.05	-187.3	1.18627
2	-6.3	6.05	-134.8	2.93997
3	-6.3	6.05	-96.9	4.48756
4	-18.9	6.05	-13.2	7.93482
39	133	1	1	-220	0	0	4
1	6.3	6.05	-187.3	1.02296
2	6.3	6.05	-134.8	2.92316
3	6.3	6.05	-96.9	4.42367
3	-6.3	6.05	-96.9	4.47833
40	133	1	1	-220	0	0	3
1	6.3	6.05	-187.3	1.14732
2	6.3	6.05	-134.8	2.92786
4	-6.3	6.05	-13.2	7.3609
41	133	1	1	-220	0	0	4
1	6.3	6.05	-187.3	1.10093
2	6.3	-6.05	-134.8	2.88324
3	6.3	6.05	-96.9	4.31843
4	-6.3	18.15	-13.2	8.08227
42	133	1	1	-220	0	0	6
1	6.3	6.05	-187.3	1.18967
2	6.3	-6.05	-134.8	2.91017
4	6.3	-6.05	-13.2	7.27295
3	-6.3	6.05	-96.9	4.41913
4	-18.9	-6.05	-13.2	8.36244
4	-18.9	-18.15	-13.2	8.6891
43	133	1	1	-220	0	0	4
1	6.3	6.05	-187.3	1.14247
2	6.3	6.05	-134.8	2.92679
3	6.3	6.05	-96.9	4.24289
4	-6.3	6.05	-13.2	7.28953
44	133	1	1	-220	0	0	4
1	6.3	6.05	-187.3	1.15067
2	6.3	6.05	-134.8	2.85008
3	6.3	6.05	-96.9	4.06166
4	6.3	6.05	-13.2	7.13041
45	133	1	1	-220	0	0	3
1	6.3	6.05	-187.3	1.11137
3	6.3	6.05	-96.9	4.48441
4	31.5	6.05	-13.2	8.85318
46	133	1	1	-220	0	0	4
1	6.3	6.05	-187.3	1.07098
2	6.3	6.05	-134.8	3.06355
3	6.3	6.05	-96.9	4.53957
4	18.9	18.15	-13.2	8.20442
47	133	1	1	-220	0	0	4
1	6.3	6.05	-187.3	1.15924
2	-6.3	-6.05	-134.8	2.91476
3	-6.3	-6.05	-96.9	4.56242
4	-18.9	-6.05	-13.2	8.05074
48	133	1	1	-220	0	0	5
1	6.3	6.05	-187.3	1.09544
2	6.3	6.05	-134.8	3.08657
3	6.3	6.05	-96.9	4.54022
4	31.5	6.05	-13.2	8.51469
4	6.3	6.05	-13.2	7.24046
49	133	1	1	-220	0	0	4
1	6.3	6.05	-187.3	1.18345
2	6.3	6.05	-134.8	2.89528
3	6.3	-6.05	-96.9	4.32594
4	18.9	-6.05	-13.2	7.98975
50	133	1	1	-220	0	0	4
1	6.3	6.05	-187.3	1.11037
2	-6.3	-6.05	-134.8	2.92285
3	-6.3	-6.05	-96.9	4.11647
4	-6.3	-6.05	-13.2	7.00721
51	133	1	1	-220	0	0	4
1	6.3	6.05	-187.3	1.12636
2	6.3	6.05	-134.8	2.92042
3	6.3	6.05	-96.9	4.26328
4	6.3	6.05	-13.2	7.22089
52	133	1	1	-220	0	0	2
1	6.3	6.05	-187.3	1.11407
3	-6.3	-6.05	-96.9	4.25692
53	133	1	1	-220	0	0	3
1	6.3	6.05	-187.3	1.16411
3	6.3	6.05	-96.9	4.26506
4	6.3	6.05	-13.2	7.00991
54	133	1	1	-220	0	0	6
1	6.3	6.05	-187.3	1.22621
3	-6.3	-6.05	-96.9	4.69466
4	-18.9	-18.15	-13.2	8.58936
3	6.3	-30.25	-96.9	5.95765
3	-6.3	6.05	-96.9	4.20364
4	-6.3	18.15	-13.2	7.7905
55	133	1	1	-220	0	0	3
1	6.3	6.05	-187.3	1.17089
3	6.3	-6.05	-96.9	4.30878
4	18.9	-30.25	-13.2	8.72611
56	133	1	1	-220	0	0	2
1	6.3	6.05	-187.3	1.10626
4	-6.3	6.05	-13.2	7.10092
57	133	1	1	-220	0	0	3
1	6.3	6.05	-187.3	1.08875
3	-6.3	6.05	-96.9	4.28868
4	-6.3	-6.05	-13.2	7.40741
58	133	1	1	-220	0	0	3
1	6.3	6.05	-187.3	1.13108
3	6.3	6.05	-96.9	4.41489
4	6.3	-6.05	-13.2	7.55869
59	133	1	1	-220	0	0	5
1	6.3	6.05	-187.3	1.16455
2	6.3	6.05	-134.8	2.92008
3	6.3	6.05	-96.9	4.19735
4	6.3	6.05	-13.2	7.1146
4	18.9	-6.05	-13.2	8.33394
60	133	1	1	-220	0	0	2
1	6.3	6.05	-187.3	1.11239
3	-6.3	6.05	-96.9	4.56699
61	133	1	1	-220	0	0	3
1	6.3	6.05	-187.3	1.19258
2	6.3	-6.05	-134.8	2.92
4	-6.3	6.05	-13.2	7.17488
62	133	1	1	-220	0	0	2
1	6.3	6.05	-187.3	1.15362
4	6.3	-6.05	-13.2	7.12287
63	133	1	1	-220	0	0	4
1	6.3	6.05	-187.3	1.08322
2	6.3	6.05	-134.8	3.13096
3	6.3	6.05	-96.9	4.316
4	-6.3	-30.25	-13.2	8.60167
64	133	1	1	-220	0	0	2
1	6.3	6.05	-187.3	1.1425
4	-6.3	-18.15	-13.2	7.79963
65	133	1	1	-220	0	0	5
1	6.3	6.05	-187.3	1.14501
2	-6.3	-6.05	-134.8	3.03788
3	-6.3	6.05	-96.9	4.67987
4	-18.9	6.05	-13.2	7.82337
4	6.3	-30.25	-13.2	8.64924
66	133	1	1	-220	0	0	4
1	6.3	6.05	-187.3	1.19922
2	6.3	6.05	-134.8	2.92219
3	6.3	6.05	-96.9	4.24205
4	6.3	-6.05	-13.2	6.95321
67	133	1	1	-220	0	0	4
1	6.3	6.05	-187.3	1.15736
2	-6.3	6.05	-134.8	2.94663
3	-6.3	6.05	-96.9	4.27998
4	-6.3	6.05	-13.2	7.14248
68	133	1	1	-220	0	0	3
1	6.3	6.05	-187.3	1.1012
2	6.3	6.05	-134.8	2.94795
3	6.3	6.05	-96.9	4.35511
69	133	1	1	-220	0	0	4
1	6.3	6.05	-187.3	1.08311
2	6.3	6.05	-134.8	3.05742
3	6.3	6.05	-96.9	4.41168
4	6.3	6.05	-13.2	7.32314
70	133	1	1	-220	0	0	2
1	6.3	6.05	-187.3	1.14625
4	6.3	6.05	-13.2	6.93786
71	133	1	1	-220	0	0	4
1	6.3	6.05	-187.3	1.13244
2	6.3	6.05	-134.8	2.90523
3	6.3	6.05	-96.9	4.35416
4	-6.3	6.05	-13.2	7.35418
72	133	1	1	-220	0	0	4
1	6.3	6.05	-187.3	1.12202
2	6.3	-6.05	-134.8	2.93443
3	6.3	-6.05	-96.9	4.29591
2	6.3	6.05	-134.8	2.85608
73	133	1	1	-220	0	0	3
1	6.3	6.05	-187.3	1.07694
2	6.3	6.05	-134.8	2.9693
4	-6.3	-18.15	-13.2	7.96477
74	133	1	1	-220	0	0	3
1	6.3	6.05	-187.3	1.1084
2	-6.3	6.05	-134.8	2.88136
4	6.3	6.05	-13.2	7.22052
75	133	1	1	-220	0	0	4
1	6.3	6.05	-187.3	1.17075
2	6.3	-6.05	-134.8	2.97649
3	6.3	-6.05	-96.9	4.28815
4	18.9	-6.05	-13.2	7.97994
76	133	1	1	-220	0	0	3
1	6.3	6.05	-187.3	1.16749
3	6.3	-6.05	-96.9	4.6304
4	31.5	6.05	-13.2	8.97498
77	133	1	1	-220	0	0	4
1	6.3	6.05	-187.3	1.09825
2	6.3	6.05	-134.8	3.00839
3	6.3	-6.05	-96.9	4.28677
4	6.3	-6.05	-13.2	7.29778
78	133	1	1	-220	0	0	4
1	6.3	6.05	-187.3	1.12412
2	-6.3	6.05	-134.8	2.91575
3	-6.3	6.05	-96.9	4.38117
4	-18.9	-6.05	-13.2	7.69694
79	133	1	1	-220	0	0	4
1	6.3	6.05	-187.3	1.14432
2	6.3	6.05	-134.8	3.06526
3	18.9	6.05	-96.9	4.87903
4	18.9	6.05	-13.2	8.25468
80	133	1	1	-220	0	0	3
1	6.3	6.05	-187.3	1.12805
3	-6.3	-6.05	-96.9	4.58002
4	-6.3	-18.15	-13.2	7.88391
81	133	1	1	-220	0	0	3
1	6.3	6.05	-187.3	1.09935
2	6.3	6.05	-134.8	2.98161
3	6.3	6.05	-96.9	4.27667
82	133	1	1	-220	0	0	3
1	6.3	6.05	-187.3	1.12732
2	-18.9	6.05	-134.8	3.79972
3	-31.5	6.05	-96.9	5.89566
83	133	1	1	-220	0	0	4
1	6.3	6.05	-187.3	1.14202
2	-6.3	-6.05	-134.8	2.92797
3	-6.3	-6.05	-96.9	4.54632
4	-18.9	-6.05	-13.2	7.57213
84	133	1	1	-220	0	0	4
1	6.3	6.05	-187.3	1.13084
2	6.3	6.05	-134.8	2.9148
3	6.3	6.05	-96.9	4.28755
4	6.3	6.05	-13.2	7.45187
85	133	1	1	-220	0	0	2
1	6.3	6.05	-187.3	1.15209
4	-6.3	6.05	-13.2	7.50024
86	133	1	1	-220	0	0	4
1	6.3	6.05	-187.3	1.12321
2	6.3	6.05	-134.8	2.89108
3	6.3	6.05	-96.9	4.27469
4	-6.3	6.05	-13.2	7.19794
87	133	1	1	-220	0	0	4
1	6.3	6.05	-187.3	1.11639
2	6.3	-6.05	-134.8	3.02825
3	-6.3	-6.05	-96.9	4.35682
4	-18.9	-6.05	-13.2	7.75143
88	133	1	1	-220	0	0	3
1	6.3	6.05	-187.3	1.13143
2	-6.3	6.05	-134.8	2.84851
3	6.3	-6.05	-96.9	4.50598
89	133	1	1	-220	0	0	3
1	6.3	6.05	-187.3	1.17443
3	6.3	18.15	-96.9	5.17549
4	6.3	42.35	-13.2	9.40184
90	133	1	1	-220	0	0	3
1	6.3	6.05	-187.3	1.07792
3	6.3	-6.05	-96.9	4.33543
4	18.9	6.05	-13.2	8.10745
91	133	1	1	-220	0	0	3
1	6.3	6.05	-187.3	1.13196
3	6.3	-18.15	-96.9	5.03121
4	18.9	-42.35	-13.2	9.66963
92	133	1	1	-220	0	0	5
1	6.3	6.05	-187.3	1.10224
2	6.3	6.05	-134.8	3.04278
3	6.3	6.05	-96.9	4.48057
4	6.3	18.15	-13.2	7.79994
3	-6.3	18.15	-96.9	5.1676
93	133	1	1	-220	0	0	3
1	6.3	6.05	-187.3	1.14236
3	6.3	-6.05	-96.9	4.51137
4	18.9	-18.15	-13.2	8.25546
94	133	1	1	-220	0	0	3
1	6.3	6.05	-187.3	1.1473
2	6.3	6.05	-134.8	3.02059
3	6.3	6.05	-96.9	4.38476
95	133	1	1	-220	0	0	4
1	6.3	6.05	-187.3	1.15918
2	-6.3	6.05	-134.8	2.9039
3	-6.3	6.05	-96.9	4.19854
4	-6.3	6.05	-13.2	7.40107
96	133	1	1	-220	0	0	4
1	6.3	6.05	-187.3	1.11053
2	6.3	6.05	-134.8	3.02089
3	-6.3	6.05	-96.9	4.4121
4	6.3	6.05	-13.2	7.60381
97	133	1	1	-220	0	0	3
1	6.3	6.05	-187.3	1.13972
2	-6.3	-6.05	-134.8	3.27544
3	-18.9	-6.05	-96.9	4.96519
98	133	1	1	-220	0	0	5
1	6.3	6.05	-187.3	0.991923
2	-6.3	6.05	-134.8	2.96834
3	-6.3	6.05	-96.9	4.27889
4	-6.3	6.05	-13.2	7.31548
2	-6.3	-18.15	-134.8	3.68804
99	133	1	1	-220	0	0	4
1	6.3	6.05	-187.3	1.14946
2	6.3	6.05	-134.8	3.0243
3	6.3	6.05	-96.9	4.54804
4	6.3	6.05	-13.2	7.5129
100	133	1	1	-220	0	0	4
1	6.3	6.05	-187.3	1.08067
2	-6.3	-6.05	-134.8	3.04794
3	-6.3	-6.05	-96.9	4.39277
4	-6.3	-6.05	-13.2	7.37725
